9714910,1413056,342024,13.5
9714910,1413020,343054,11
9714910,1413134,353046,12
9714910,1413072,382054,8
9714910,1413061,392014,20
9714910,1413059,343054,14.5
9714920,1413056,342024,15.5
9714920,1413134,353046,17.25
9714920,1413072,382054,16.5
9714920,1413061,392014,11.5
9714920,1413059,343054,18.25
9814933,1413056,342024,7.5
9814933,1413020,343054,19.25
9814933,1413134,353046,13.75
9814933,1413072,382054,14.75
9814933,1413061,392014,17.5
9614913,1413056,342024,8.5
9614913,1413059,343054,12.5
9614913,1413020,343054,10.5
9614913,1413134,353046,15.75
9614913,1413072,382054,18.5
9724915,1413056,342024,9.99
9724915,1413061,392014,19.5
9724915,1413134,353046,16.75
9724915,1413020,343054,13.25
9754811,1413056,342024,14.25
9754811,1413020,343054,15.25
9754811,1413134,353046,17.75
9754811,1413072,382054,11
9754811,1413059,343054,16.25
9814989,1413056,342024,18.75
9814989,1413020,343054,13.99
9814989,1413134,353046,14.99
9814989,1413072,382054,19.75
9814989,1413061,392014,11.25
9814989,1413059,343054,9.75
9654996,1413056,342024,11.75
9654996,1413020,343054,15.99
9654996,1413134,353046,12.25
9654996,1413072,382054,17.99
9654996,1413061,392014,16.99
9654996,1413059,343054,13
9575012,1413056,342024,6.5
9575012,1413020,343054,14
9575012,1413134,353046,15
9575012,1413072,382054,5
9575012,1413061,392014,9.99
9575012,1413059,343054,12.5
9214952,1413134,353046,8.75
9214952,1413020,343054,12.75
9214952,1413072,382054,18
9214952,1413061,392014,6
9214952,1413059,343054,14
